0
38767.6854894798
215611.97245842923
110565.9813818247
319598.72848120774
267722.43864506955
123533.83468949725
166044.5723089591
121088.35995693435
85033.3260252478
165631.47619704553
153462.95454308123
132006.8225407357
142892.42092065414
200629.4124908503
127698.41836207424
153335.56280161155
204937.1195766327
230218.36130345275
230382.65091695054
194836.6436069773
213562.98190146754
560139.6514356174
166686.54891584662
159089.13852351048
246166.7111665231
244179.63247514673
324305.68376437144
127310.10049808619
108280.83406204783
141348.91586904414
82399.63367617474
220137.97884587193
304017.2018389524
598643.7451058233
144282.04987083364
208805.42161463958
80617.96433947654
185958.0151132458
190379.29907400225
179151.16025189374
166487.3624654183
125862.94211326871
164440.96285253903
148476.12033627706
165698.2206865563
214627.74229316937
136385.49598728004
170075.7562761064
141730.4955209868
96972.51403994428
201847.06461128
138665.58950781194
201401.3331543674
150373.82025463722
276013.010349622
116490.58060540445
214822.89540036872
144091.39168744913
330551.5262053509
209443.17586989875
199304.7547972817
93675.11806379264
154088.37079450052
128093.14499112434
112162.37215032813
109958.69015647582
237949.59936494986
80791.54100844613
103545.53490715317
118650.39308413246
160395.2866901399
152882.40946919692
206831.53079096827
147563.3968132094
239585.3215158712
151089.04830647178
355550.09690680914
131637.87551306223
254460.84370629117
134621.56141306018
89397.95770349621
126212.4538886284
128249.78237972304
163187.9447972803
158102.58083264844
193335.98909012467
130031.53600840538
226253.34163881055
211320.79932091368
272734.20208114374
150528.00026201084
433048.36506493425
215616.9526676917
201832.38161829952
201132.2388668632
141131.15956581593
144613.35979961936
126661.73458168644
256739.35922467773
182226.49663478055
121155.07891796273
273915.11108069634
189827.99250944034
134747.99778749706
317745.3771188966
96485.27223789872
185258.89351948473
152349.55779474962
206887.08962581976
130136.25136240566
147102.91450050654
153228.77064505295
160496.45397265954
169937.65028994007
93460.80285842507
306426.5224310801
386624.7921631314
131140.44898185832
162110.4541275822
137487.49034897395
174451.4984776706
137726.61704915017
159126.43515554426
196184.61619828537
250499.62692931533
79489.09743570688
210649.52563601255
182750.45104217384
155614.81851772312
128800.72230772313
183870.71784514445
131344.57033152244
153757.70309675776
181188.18275224685
261095.75176592302
295479.3399609575
150504.2853117747
121973.63548830233
121039.37123964704
188710.22514867544
120458.53036370542
127118.37328499195
147506.80421764008
157678.3783560868
154868.58317472244
230919.7001270309
168165.3127856637
309805.99800406606
232027.97232159076
136869.88137435488
335791.65068859025
202567.94107009785
136694.87733665394
146108.680695198
174246.51636242983
296042.8142273721
205865.32332295994
335228.67220015
316661.6695686135
108654.94434536848
189958.5341133239
257160.18596799654
192634.79978453042
259385.78083123977
105563.91091383126
160837.65189110133
100206.25573287328
234249.48983327596
106521.50951620936
293408.5289243383
61266.71865859284
82313.7634706652
136359.78643203824
254611.11689467367
179335.03764913615
254531.55478804582
125170.99032858666
113886.50504023948
135144.45947468933
114960.96171504387
166807.76669843285
124853.62933431496
57712.38386595517
228149.68415654986
126786.35621377686
112450.42808678997
159163.51250426244
241024.7269878917
183915.1037321515
181262.892297865
85435.47631621023
249599.71987490018
298559.4689283595
237048.11792259902
186837.6002085777
165521.25549775944
140386.56345704314
412824.14995505
232973.00097820954
190365.1467182926
113787.83617212111
154450.52732689976
176139.26155958243
354084.9684308643
202438.05407819402
303925.7819134853
110218.51129399659
160783.80318237306
139771.95736136846
223590.59602903062
200486.79180209368
127802.61101220612
142106.84410118166
239812.0348464651
176697.05620524893
259353.8484866076
483174.431478642
256208.69711871498
254324.7646278981
93931.21603580046
134683.62964023853
99500.37686020549
79043.65202176553
230435.82651569427
154371.05081578536
156951.36316258216
116465.78143408732
118298.75701030745
185355.06964119023
324544.59431741276
135072.06586918823
230041.14769362146
108549.74089466361
120591.22914856486
127524.28945205844
241006.9456043135
281814.20530245313
151147.6644226772
144316.47623907757
148426.4551864894
149100.4611216177
130683.40397599724
185393.96955158951
193097.52830346406
266844.91360520566
97717.27055650437
284635.76213382825
130609.6359799279
112497.58062052837
112496.83352344175
205627.01728593674
225720.44594254263
151660.69533156813
94470.66913499788
257419.62411559507
174986.46228180896
216296.2379711205
142843.653545439
337789.99622682703
126153.64443905593
229440.98295373167
171722.15472895605
141207.84433679294
139934.8688354455
130654.59693406563
145024.59564794088
295240.5275041157
134197.46502387855
98330.52218361542
189307.493569794
195849.2186704125
139809.99016122357
102529.69155482622
193882.2594803907
170623.35177430016
165584.70938317955
112440.1696757396
369022.192618346
141316.69271738065
183872.95763540547
226634.88538051868
146464.74355400295
340320.51443028054
106267.37614354957
182298.2074976568
123090.65125984035
157449.61090928217
259578.91847875074
98276.21142713662
76470.45665275474
121753.26898165117
248974.49437649717
135499.62818913558
133248.79091670713
190362.31153405522
174788.14106799
212188.93592347502
271782.8995982357
134365.4607551989
154231.2156838384
